【元PDF】20250117訴状別紙.pdf

【1ページ】

別紙
薬品名 薬価 数量 包装薬価 調剤薬局
仕⼊値
原告まゆみ薬局
仕⼊値
原告グランドヘルス
仕⼊値 仕⼊値の増加率
ロキソニン60㎎ 10.1 100 1010 879 1,010 1,111 21%
ロキソプロフェン60㎎「サワイ」 9.8 100 980 979 979 1,078 5%
グルタチオン錠100㎎ 10.1 100 1010 990 1,008 1,111 7%
トラネキサム酸250㎎「YD」 10.1 100 1010 1,010 1,010 1,055 2%
トラネキサム酸500㎎「YD」 11.4 100 1140 0 1,926
シナール配合錠 6.2 100 620 608 620 2%
ユベラNソフトカプセル200㎎ 7.4 100 740 726 741 750 3%
ガンマロン錠250㎎ 5.9 100 590 590 590 649 5%
ツムラ防⾵通聖散42包 13.8 105 1449 1,449 1,449 1,594 5%
セチリジン10㎎「サワイ」 20.2 100 2020 1,912 2,222 16%
フェキソフェナジン60㎎「サワイ」 11.5 100 1150 1,090 2,310 1,265 64%
リンデロンVG軟膏5g×10 27.7 50 1385 1,357 1,385 1,524 7%
ヒルドイドソフト軟膏25g×１０ 18.5 250 4625 4,454 5,280 5,089 16%
ヘパリン類似部室クリーム0.3%25g×１０
4 250 1000 990 1,403 42%
ウルソデオキシコール酸100㎎「サワイ」
8.7 100 870 869 957 10%
PA配合錠 4.7 100 470 396 473 517 25%
デキストロメトルファン15㎎「ツルハラ」
8.6 100 860 0 858 946
クエン酸第⼀鉄50㎎「サワイ」 6.2 100 620 619 682 10%
ファモチジン20㎎「サワイ」 10.1 100 1010 1,000 1,111 11%
ロペラミド１ｍｇ「サワイ」 5.9 100 590 0 594 649
合計 15%
医薬品仕入値比較表
32
